-1.5 -1.5 -0.2
-1.5 -1.5 0.042857
-1.5 -1.5 0.28571
-1.5 -1.5 0.52857
-1.5 -1.5 0.77143
-1.5 -1.5 1.0143
-1.5 -1.5 1.2571
-1.5 -1.5 1.5
-1.5 -1.1667 -0.2
-1.5 -1.1667 0.042857
-1.5 -1.1667 0.28571
-1.5 -1.1667 0.52857
-1.5 -1.1667 0.77143
-1.5 -1.1667 1.0143
-1.5 -1.1667 1.2571
-1.5 -1.1667 1.5
-1.5 -0.83333 -0.2
-1.5 -0.83333 0.042857
-1.5 -0.83333 0.28571
-1.5 -0.83333 0.52857
-1.5 -0.83333 0.77143
-1.5 -0.83333 1.0143
-1.5 -0.83333 1.2571
-1.5 -0.83333 1.5
-1.5 -0.5 -0.2
-1.5 -0.5 0.042857
-1.5 -0.5 0.28571
-1.5 -0.5 0.52857
-1.5 -0.5 0.77143
-1.5 -0.5 1.0143
-1.5 -0.5 1.2571
-1.5 -0.5 1.5
-1.5 -0.16667 -0.2
-1.5 -0.16667 0.042857
-1.5 -0.16667 0.28571
-1.5 -0.16667 0.52857
-1.5 -0.16667 0.77143
-1.5 -0.16667 1.0143
-1.5 -0.16667 1.2571
-1.5 -0.16667 1.5
-1.5 0.16667 -0.2
-1.5 0.16667 0.042857
-1.5 0.16667 0.28571
-1.5 0.16667 0.52857
-1.5 0.16667 0.77143
-1.5 0.16667 1.0143
-1.5 0.16667 1.2571
-1.5 0.16667 1.5
-1.5 0.5 -0.2
-1.5 0.5 0.042857
-1.5 0.5 0.28571
-1.5 0.5 0.52857
-1.5 0.5 0.77143
-1.5 0.5 1.0143
-1.5 0.5 1.2571
-1.5 0.5 1.5
-1.5 0.83333 -0.2
-1.5 0.83333 0.042857
-1.5 0.83333 0.28571
-1.5 0.83333 0.52857
-1.5 0.83333 0.77143
-1.5 0.83333 1.0143
-1.5 0.83333 1.2571
-1.5 0.83333 1.5
-1.5 1.1667 -0.2
-1.5 1.1667 0.042857
-1.5 1.1667 0.28571
-1.5 1.1667 0.52857
-1.5 1.1667 0.77143
-1.5 1.1667 1.0143
-1.5 1.1667 1.2571
-1.5 1.1667 1.5
-1.5 1.5 -0.2
-1.5 1.5 0.042857
-1.5 1.5 0.28571
-1.5 1.5 0.52857
-1.5 1.5 0.77143
-1.5 1.5 1.0143
-1.5 1.5 1.2571
-1.5 1.5 1.5
-1.1667 -1.5 -0.2
-1.1667 -1.5 0.042857
-1.1667 -1.5 0.28571
-1.1667 -1.5 0.52857
-1.1667 -1.5 0.77143
-1.1667 -1.5 1.0143
-1.1667 -1.5 1.2571
-1.1667 -1.5 1.5
-1.1667 -1.1667 -0.2
-1.1667 -1.1667 0.042857
-1.1667 -1.1667 0.28571
-1.1667 -1.1667 0.52857
-1.1667 -1.1667 0.77143
-1.1667 -1.1667 1.0143
-1.1667 -1.1667 1.2571
-1.1667 -1.1667 1.5
-1.1667 -0.83333 -0.2
-1.1667 -0.83333 0.042857
-1.1667 -0.83333 0.28571
-1.1667 -0.83333 0.52857
-1.1667 -0.83333 0.77143
-1.1667 -0.83333 1.0143
-1.1667 -0.83333 1.2571
-1.1667 -0.83333 1.5
-1.1667 -0.5 -0.2
-1.1667 -0.5 0.042857
-1.1667 -0.5 0.28571
-1.1667 -0.5 0.52857
-1.1667 -0.5 0.77143
-1.1667 -0.5 1.0143
-1.1667 -0.5 1.2571
-1.1667 -0.5 1.5
-1.1667 -0.16667 -0.2
-1.1667 -0.16667 0.042857
-1.1667 -0.16667 0.28571
-1.1667 -0.16667 0.52857
-1.1667 -0.16667 0.77143
-1.1667 -0.16667 1.0143
-1.1667 -0.16667 1.2571
-1.1667 -0.16667 1.5
-1.1667 0.16667 -0.2
-1.1667 0.16667 0.042857
-1.1667 0.16667 0.28571
-1.1667 0.16667 0.52857
-1.1667 0.16667 0.77143
-1.1667 0.16667 1.0143
-1.1667 0.16667 1.2571
-1.1667 0.16667 1.5
-1.1667 0.5 -0.2
-1.1667 0.5 0.042857
-1.1667 0.5 0.28571
-1.1667 0.5 0.52857
-1.1667 0.5 0.77143
-1.1667 0.5 1.0143
-1.1667 0.5 1.2571
-1.1667 0.5 1.5
-1.1667 0.83333 -0.2
-1.1667 0.83333 0.042857
-1.1667 0.83333 0.28571
-1.1667 0.83333 0.52857
-1.1667 0.83333 0.77143
-1.1667 0.83333 1.0143
-1.1667 0.83333 1.2571
-1.1667 0.83333 1.5
-1.1667 1.1667 -0.2
-1.1667 1.1667 0.042857
-1.1667 1.1667 0.28571
-1.1667 1.1667 0.52857
-1.1667 1.1667 0.77143
-1.1667 1.1667 1.0143
-1.1667 1.1667 1.2571
-1.1667 1.1667 1.5
-1.1667 1.5 -0.2
-1.1667 1.5 0.042857
-1.1667 1.5 0.28571
-1.1667 1.5 0.52857
-1.1667 1.5 0.77143
-1.1667 1.5 1.0143
-1.1667 1.5 1.2571
-1.1667 1.5 1.5
-0.83333 -1.5 -0.2
-0.83333 -1.5 0.042857
-0.83333 -1.5 0.28571
-0.83333 -1.5 0.52857
-0.83333 -1.5 0.77143
-0.83333 -1.5 1.0143
-0.83333 -1.5 1.2571
-0.83333 -1.5 1.5
-0.83333 -1.1667 -0.2
-0.83333 -1.1667 0.042857
-0.83333 -1.1667 0.28571
-0.83333 -1.1667 0.52857
-0.83333 -1.1667 0.77143
-0.83333 -1.1667 1.0143
-0.83333 -1.1667 1.2571
-0.83333 -1.1667 1.5
-0.83333 -0.83333 -0.2
-0.83333 -0.83333 0.042857
-0.83333 -0.83333 0.28571
-0.83333 -0.83333 0.52857
-0.83333 -0.83333 0.77143
-0.83333 -0.83333 1.0143
-0.83333 -0.83333 1.2571
-0.83333 -0.83333 1.5
-0.83333 -0.5 -0.2
-0.83333 -0.5 0.042857
-0.83333 -0.5 0.28571
-0.83333 -0.5 0.52857
-0.83333 -0.5 0.77143
-0.83333 -0.5 1.0143
-0.83333 -0.5 1.2571
-0.83333 -0.5 1.5
-0.83333 -0.16667 -0.2
-0.83333 -0.16667 0.042857
-0.83333 -0.16667 0.28571
-0.83333 -0.16667 0.52857
-0.83333 -0.16667 0.77143
-0.83333 -0.16667 1.0143
-0.83333 -0.16667 1.2571
-0.83333 -0.16667 1.5
-0.83333 0.16667 -0.2
-0.83333 0.16667 0.042857
-0.83333 0.16667 0.28571
-0.83333 0.16667 0.52857
-0.83333 0.16667 0.77143
-0.83333 0.16667 1.0143
-0.83333 0.16667 1.2571
-0.83333 0.16667 1.5
-0.83333 0.5 -0.2
-0.83333 0.5 0.042857
-0.83333 0.5 0.28571
-0.83333 0.5 0.52857
-0.83333 0.5 0.77143
-0.83333 0.5 1.0143
-0.83333 0.5 1.2571
-0.83333 0.5 1.5
-0.83333 0.83333 -0.2
-0.83333 0.83333 0.042857
-0.83333 0.83333 0.28571
-0.83333 0.83333 0.52857
-0.83333 0.83333 0.77143
-0.83333 0.83333 1.0143
-0.83333 0.83333 1.2571
-0.83333 0.83333 1.5
-0.83333 1.1667 -0.2
-0.83333 1.1667 0.042857
-0.83333 1.1667 0.28571
-0.83333 1.1667 0.52857
-0.83333 1.1667 0.77143
-0.83333 1.1667 1.0143
-0.83333 1.1667 1.2571
-0.83333 1.1667 1.5
-0.83333 1.5 -0.2
-0.83333 1.5 0.042857
-0.83333 1.5 0.28571
-0.83333 1.5 0.52857
-0.83333 1.5 0.77143
-0.83333 1.5 1.0143
-0.83333 1.5 1.2571
-0.83333 1.5 1.5
-0.5 -1.5 -0.2
-0.5 -1.5 0.042857
-0.5 -1.5 0.28571
-0.5 -1.5 0.52857
-0.5 -1.5 0.77143
-0.5 -1.5 1.0143
-0.5 -1.5 1.2571
-0.5 -1.5 1.5
-0.5 -1.1667 -0.2
-0.5 -1.1667 0.042857
-0.5 -1.1667 0.28571
-0.5 -1.1667 0.52857
-0.5 -1.1667 0.77143
-0.5 -1.1667 1.0143
-0.5 -1.1667 1.2571
-0.5 -1.1667 1.5
-0.5 -0.83333 -0.2
-0.5 -0.83333 0.042857
-0.5 -0.83333 0.28571
-0.5 -0.83333 0.52857
-0.5 -0.83333 0.77143
-0.5 -0.83333 1.0143
-0.5 -0.83333 1.2571
-0.5 -0.83333 1.5
-0.5 -0.5 -0.2
-0.5 -0.5 0.042857
-0.5 -0.5 0.28571
-0.5 -0.5 0.52857
-0.5 -0.5 0.77143
-0.5 -0.5 1.0143
-0.5 -0.5 1.2571
-0.5 -0.5 1.5
-0.5 -0.16667 -0.2
-0.5 -0.16667 0.042857
-0.5 -0.16667 0.28571
-0.5 -0.16667 0.52857
-0.5 -0.16667 0.77143
-0.5 -0.16667 1.0143
-0.5 -0.16667 1.2571
-0.5 -0.16667 1.5
-0.5 0.16667 -0.2
-0.5 0.16667 0.042857
-0.5 0.16667 0.28571
-0.5 0.16667 0.52857
-0.5 0.16667 0.77143
-0.5 0.16667 1.0143
-0.5 0.16667 1.2571
-0.5 0.16667 1.5
-0.5 0.5 -0.2
-0.5 0.5 0.042857
-0.5 0.5 0.28571
-0.5 0.5 0.52857
-0.5 0.5 0.77143
-0.5 0.5 1.0143
-0.5 0.5 1.2571
-0.5 0.5 1.5
-0.5 0.83333 -0.2
-0.5 0.83333 0.042857
-0.5 0.83333 0.28571
-0.5 0.83333 0.52857
-0.5 0.83333 0.77143
-0.5 0.83333 1.0143
-0.5 0.83333 1.2571
-0.5 0.83333 1.5
-0.5 1.1667 -0.2
-0.5 1.1667 0.042857
-0.5 1.1667 0.28571
-0.5 1.1667 0.52857
-0.5 1.1667 0.77143
-0.5 1.1667 1.0143
-0.5 1.1667 1.2571
-0.5 1.1667 1.5
-0.5 1.5 -0.2
-0.5 1.5 0.042857
-0.5 1.5 0.28571
-0.5 1.5 0.52857
-0.5 1.5 0.77143
-0.5 1.5 1.0143
-0.5 1.5 1.2571
-0.5 1.5 1.5
-0.16667 -1.5 -0.2
-0.16667 -1.5 0.042857
-0.16667 -1.5 0.28571
-0.16667 -1.5 0.52857
-0.16667 -1.5 0.77143
-0.16667 -1.5 1.0143
-0.16667 -1.5 1.2571
-0.16667 -1.5 1.5
-0.16667 -1.1667 -0.2
-0.16667 -1.1667 0.042857
-0.16667 -1.1667 0.28571
-0.16667 -1.1667 0.52857
-0.16667 -1.1667 0.77143
-0.16667 -1.1667 1.0143
-0.16667 -1.1667 1.2571
-0.16667 -1.1667 1.5
-0.16667 -0.83333 -0.2
-0.16667 -0.83333 0.042857
-0.16667 -0.83333 0.28571
-0.16667 -0.83333 0.52857
-0.16667 -0.83333 0.77143
-0.16667 -0.83333 1.0143
-0.16667 -0.83333 1.2571
-0.16667 -0.83333 1.5
-0.16667 -0.5 -0.2
-0.16667 -0.5 0.042857
-0.16667 -0.5 0.28571
-0.16667 -0.5 0.52857
-0.16667 -0.5 0.77143
-0.16667 -0.5 1.0143
-0.16667 -0.5 1.2571
-0.16667 -0.5 1.5
-0.16667 -0.16667 -0.2
-0.16667 -0.16667 0.042857
-0.16667 -0.16667 0.28571
-0.16667 -0.16667 0.52857
-0.16667 -0.16667 0.77143
-0.16667 -0.16667 1.0143
-0.16667 -0.16667 1.2571
-0.16667 -0.16667 1.5
-0.16667 0.16667 -0.2
-0.16667 0.16667 0.042857
-0.16667 0.16667 0.28571
-0.16667 0.16667 0.52857
-0.16667 0.16667 0.77143
-0.16667 0.16667 1.0143
-0.16667 0.16667 1.2571
-0.16667 0.16667 1.5
-0.16667 0.5 -0.2
-0.16667 0.5 0.042857
-0.16667 0.5 0.28571
-0.16667 0.5 0.52857
-0.16667 0.5 0.77143
-0.16667 0.5 1.0143
-0.16667 0.5 1.2571
-0.16667 0.5 1.5
-0.16667 0.83333 -0.2
-0.16667 0.83333 0.042857
-0.16667 0.83333 0.28571
-0.16667 0.83333 0.52857
-0.16667 0.83333 0.77143
-0.16667 0.83333 1.0143
-0.16667 0.83333 1.2571
-0.16667 0.83333 1.5
-0.16667 1.1667 -0.2
-0.16667 1.1667 0.042857
-0.16667 1.1667 0.28571
-0.16667 1.1667 0.52857
-0.16667 1.1667 0.77143
-0.16667 1.1667 1.0143
-0.16667 1.1667 1.2571
-0.16667 1.1667 1.5
-0.16667 1.5 -0.2
-0.16667 1.5 0.042857
-0.16667 1.5 0.28571
-0.16667 1.5 0.52857
-0.16667 1.5 0.77143
-0.16667 1.5 1.0143
-0.16667 1.5 1.2571
-0.16667 1.5 1.5
0.16667 -1.5 -0.2
0.16667 -1.5 0.042857
0.16667 -1.5 0.28571
0.16667 -1.5 0.52857
0.16667 -1.5 0.77143
0.16667 -1.5 1.0143
0.16667 -1.5 1.2571
0.16667 -1.5 1.5
0.16667 -1.1667 -0.2
0.16667 -1.1667 0.042857
0.16667 -1.1667 0.28571
0.16667 -1.1667 0.52857
0.16667 -1.1667 0.77143
0.16667 -1.1667 1.0143
0.16667 -1.1667 1.2571
0.16667 -1.1667 1.5
0.16667 -0.83333 -0.2
0.16667 -0.83333 0.042857
0.16667 -0.83333 0.28571
0.16667 -0.83333 0.52857
0.16667 -0.83333 0.77143
0.16667 -0.83333 1.0143
0.16667 -0.83333 1.2571
0.16667 -0.83333 1.5
0.16667 -0.5 -0.2
0.16667 -0.5 0.042857
0.16667 -0.5 0.28571
0.16667 -0.5 0.52857
0.16667 -0.5 0.77143
0.16667 -0.5 1.0143
0.16667 -0.5 1.2571
0.16667 -0.5 1.5
0.16667 -0.16667 -0.2
0.16667 -0.16667 0.042857
0.16667 -0.16667 0.28571
0.16667 -0.16667 0.52857
0.16667 -0.16667 0.77143
0.16667 -0.16667 1.0143
0.16667 -0.16667 1.2571
0.16667 -0.16667 1.5
0.16667 0.16667 -0.2
0.16667 0.16667 0.042857
0.16667 0.16667 0.28571
0.16667 0.16667 0.52857
0.16667 0.16667 0.77143
0.16667 0.16667 1.0143
0.16667 0.16667 1.2571
0.16667 0.16667 1.5
0.16667 0.5 -0.2
0.16667 0.5 0.042857
0.16667 0.5 0.28571
0.16667 0.5 0.52857
0.16667 0.5 0.77143
0.16667 0.5 1.0143
0.16667 0.5 1.2571
0.16667 0.5 1.5
0.16667 0.83333 -0.2
0.16667 0.83333 0.042857
0.16667 0.83333 0.28571
0.16667 0.83333 0.52857
0.16667 0.83333 0.77143
0.16667 0.83333 1.0143
0.16667 0.83333 1.2571
0.16667 0.83333 1.5
0.16667 1.1667 -0.2
0.16667 1.1667 0.042857
0.16667 1.1667 0.28571
0.16667 1.1667 0.52857
0.16667 1.1667 0.77143
0.16667 1.1667 1.0143
0.16667 1.1667 1.2571
0.16667 1.1667 1.5
0.16667 1.5 -0.2
0.16667 1.5 0.042857
0.16667 1.5 0.28571
0.16667 1.5 0.52857
0.16667 1.5 0.77143
0.16667 1.5 1.0143
0.16667 1.5 1.2571
0.16667 1.5 1.5
0.5 -1.5 -0.2
0.5 -1.5 0.042857
0.5 -1.5 0.28571
0.5 -1.5 0.52857
0.5 -1.5 0.77143
0.5 -1.5 1.0143
0.5 -1.5 1.2571
0.5 -1.5 1.5
0.5 -1.1667 -0.2
0.5 -1.1667 0.042857
0.5 -1.1667 0.28571
0.5 -1.1667 0.52857
0.5 -1.1667 0.77143
0.5 -1.1667 1.0143
0.5 -1.1667 1.2571
0.5 -1.1667 1.5
0.5 -0.83333 -0.2
0.5 -0.83333 0.042857
0.5 -0.83333 0.28571
0.5 -0.83333 0.52857
0.5 -0.83333 0.77143
0.5 -0.83333 1.0143
0.5 -0.83333 1.2571
0.5 -0.83333 1.5
0.5 -0.5 -0.2
0.5 -0.5 0.042857
0.5 -0.5 0.28571
0.5 -0.5 0.52857
0.5 -0.5 0.77143
0.5 -0.5 1.0143
0.5 -0.5 1.2571
0.5 -0.5 1.5
0.5 -0.16667 -0.2
0.5 -0.16667 0.042857
0.5 -0.16667 0.28571
0.5 -0.16667 0.52857
0.5 -0.16667 0.77143
0.5 -0.16667 1.0143
0.5 -0.16667 1.2571
0.5 -0.16667 1.5
0.5 0.16667 -0.2
0.5 0.16667 0.042857
0.5 0.16667 0.28571
0.5 0.16667 0.52857
0.5 0.16667 0.77143
0.5 0.16667 1.0143
0.5 0.16667 1.2571
0.5 0.16667 1.5
0.5 0.5 -0.2
0.5 0.5 0.042857
0.5 0.5 0.28571
0.5 0.5 0.52857
0.5 0.5 0.77143
0.5 0.5 1.0143
0.5 0.5 1.2571
0.5 0.5 1.5
0.5 0.83333 -0.2
0.5 0.83333 0.042857
0.5 0.83333 0.28571
0.5 0.83333 0.52857
0.5 0.83333 0.77143
0.5 0.83333 1.0143
0.5 0.83333 1.2571
0.5 0.83333 1.5
0.5 1.1667 -0.2
0.5 1.1667 0.042857
0.5 1.1667 0.28571
0.5 1.1667 0.52857
0.5 1.1667 0.77143
0.5 1.1667 1.0143
0.5 1.1667 1.2571
0.5 1.1667 1.5
0.5 1.5 -0.2
0.5 1.5 0.042857
0.5 1.5 0.28571
0.5 1.5 0.52857
0.5 1.5 0.77143
0.5 1.5 1.0143
0.5 1.5 1.2571
0.5 1.5 1.5
0.83333 -1.5 -0.2
0.83333 -1.5 0.042857
0.83333 -1.5 0.28571
0.83333 -1.5 0.52857
0.83333 -1.5 0.77143
0.83333 -1.5 1.0143
0.83333 -1.5 1.2571
0.83333 -1.5 1.5
0.83333 -1.1667 -0.2
0.83333 -1.1667 0.042857
0.83333 -1.1667 0.28571
0.83333 -1.1667 0.52857
0.83333 -1.1667 0.77143
0.83333 -1.1667 1.0143
0.83333 -1.1667 1.2571
0.83333 -1.1667 1.5
0.83333 -0.83333 -0.2
0.83333 -0.83333 0.042857
0.83333 -0.83333 0.28571
0.83333 -0.83333 0.52857
0.83333 -0.83333 0.77143
0.83333 -0.83333 1.0143
0.83333 -0.83333 1.2571
0.83333 -0.83333 1.5
0.83333 -0.5 -0.2
0.83333 -0.5 0.042857
0.83333 -0.5 0.28571
0.83333 -0.5 0.52857
0.83333 -0.5 0.77143
0.83333 -0.5 1.0143
0.83333 -0.5 1.2571
0.83333 -0.5 1.5
0.83333 -0.16667 -0.2
0.83333 -0.16667 0.042857
0.83333 -0.16667 0.28571
0.83333 -0.16667 0.52857
0.83333 -0.16667 0.77143
0.83333 -0.16667 1.0143
0.83333 -0.16667 1.2571
0.83333 -0.16667 1.5
0.83333 0.16667 -0.2
0.83333 0.16667 0.042857
0.83333 0.16667 0.28571
0.83333 0.16667 0.52857
0.83333 0.16667 0.77143
0.83333 0.16667 1.0143
0.83333 0.16667 1.2571
0.83333 0.16667 1.5
0.83333 0.5 -0.2
0.83333 0.5 0.042857
0.83333 0.5 0.28571
0.83333 0.5 0.52857
0.83333 0.5 0.77143
0.83333 0.5 1.0143
0.83333 0.5 1.2571
0.83333 0.5 1.5
0.83333 0.83333 -0.2
0.83333 0.83333 0.042857
0.83333 0.83333 0.28571
0.83333 0.83333 0.52857
0.83333 0.83333 0.77143
0.83333 0.83333 1.0143
0.83333 0.83333 1.2571
0.83333 0.83333 1.5
0.83333 1.1667 -0.2
0.83333 1.1667 0.042857
0.83333 1.1667 0.28571
0.83333 1.1667 0.52857
0.83333 1.1667 0.77143
0.83333 1.1667 1.0143
0.83333 1.1667 1.2571
0.83333 1.1667 1.5
0.83333 1.5 -0.2
0.83333 1.5 0.042857
0.83333 1.5 0.28571
0.83333 1.5 0.52857
0.83333 1.5 0.77143
0.83333 1.5 1.0143
0.83333 1.5 1.2571
0.83333 1.5 1.5
1.1667 -1.5 -0.2
1.1667 -1.5 0.042857
1.1667 -1.5 0.28571
1.1667 -1.5 0.52857
1.1667 -1.5 0.77143
1.1667 -1.5 1.0143
1.1667 -1.5 1.2571
1.1667 -1.5 1.5
1.1667 -1.1667 -0.2
1.1667 -1.1667 0.042857
1.1667 -1.1667 0.28571
1.1667 -1.1667 0.52857
1.1667 -1.1667 0.77143
1.1667 -1.1667 1.0143
1.1667 -1.1667 1.2571
1.1667 -1.1667 1.5
1.1667 -0.83333 -0.2
1.1667 -0.83333 0.042857
1.1667 -0.83333 0.28571
1.1667 -0.83333 0.52857
1.1667 -0.83333 0.77143
1.1667 -0.83333 1.0143
1.1667 -0.83333 1.2571
1.1667 -0.83333 1.5
1.1667 -0.5 -0.2
1.1667 -0.5 0.042857
1.1667 -0.5 0.28571
1.1667 -0.5 0.52857
1.1667 -0.5 0.77143
1.1667 -0.5 1.0143
1.1667 -0.5 1.2571
1.1667 -0.5 1.5
1.1667 -0.16667 -0.2
1.1667 -0.16667 0.042857
1.1667 -0.16667 0.28571
1.1667 -0.16667 0.52857
1.1667 -0.16667 0.77143
1.1667 -0.16667 1.0143
1.1667 -0.16667 1.2571
1.1667 -0.16667 1.5
1.1667 0.16667 -0.2
1.1667 0.16667 0.042857
1.1667 0.16667 0.28571
1.1667 0.16667 0.52857
1.1667 0.16667 0.77143
1.1667 0.16667 1.0143
1.1667 0.16667 1.2571
1.1667 0.16667 1.5
1.1667 0.5 -0.2
1.1667 0.5 0.042857
1.1667 0.5 0.28571
1.1667 0.5 0.52857
1.1667 0.5 0.77143
1.1667 0.5 1.0143
1.1667 0.5 1.2571
1.1667 0.5 1.5
1.1667 0.83333 -0.2
1.1667 0.83333 0.042857
1.1667 0.83333 0.28571
1.1667 0.83333 0.52857
1.1667 0.83333 0.77143
1.1667 0.83333 1.0143
1.1667 0.83333 1.2571
1.1667 0.83333 1.5
1.1667 1.1667 -0.2
1.1667 1.1667 0.042857
1.1667 1.1667 0.28571
1.1667 1.1667 0.52857
1.1667 1.1667 0.77143
1.1667 1.1667 1.0143
1.1667 1.1667 1.2571
1.1667 1.1667 1.5
1.1667 1.5 -0.2
1.1667 1.5 0.042857
1.1667 1.5 0.28571
1.1667 1.5 0.52857
1.1667 1.5 0.77143
1.1667 1.5 1.0143
1.1667 1.5 1.2571
1.1667 1.5 1.5
1.5 -1.5 -0.2
1.5 -1.5 0.042857
1.5 -1.5 0.28571
1.5 -1.5 0.52857
1.5 -1.5 0.77143
1.5 -1.5 1.0143
1.5 -1.5 1.2571
1.5 -1.5 1.5
1.5 -1.1667 -0.2
1.5 -1.1667 0.042857
1.5 -1.1667 0.28571
1.5 -1.1667 0.52857
1.5 -1.1667 0.77143
1.5 -1.1667 1.0143
1.5 -1.1667 1.2571
1.5 -1.1667 1.5
1.5 -0.83333 -0.2
1.5 -0.83333 0.042857
1.5 -0.83333 0.28571
1.5 -0.83333 0.52857
1.5 -0.83333 0.77143
1.5 -0.83333 1.0143
1.5 -0.83333 1.2571
1.5 -0.83333 1.5
1.5 -0.5 -0.2
1.5 -0.5 0.042857
1.5 -0.5 0.28571
1.5 -0.5 0.52857
1.5 -0.5 0.77143
1.5 -0.5 1.0143
1.5 -0.5 1.2571
1.5 -0.5 1.5
1.5 -0.16667 -0.2
1.5 -0.16667 0.042857
1.5 -0.16667 0.28571
1.5 -0.16667 0.52857
1.5 -0.16667 0.77143
1.5 -0.16667 1.0143
1.5 -0.16667 1.2571
1.5 -0.16667 1.5
1.5 0.16667 -0.2
1.5 0.16667 0.042857
1.5 0.16667 0.28571
1.5 0.16667 0.52857
1.5 0.16667 0.77143
1.5 0.16667 1.0143
1.5 0.16667 1.2571
1.5 0.16667 1.5
1.5 0.5 -0.2
1.5 0.5 0.042857
1.5 0.5 0.28571
1.5 0.5 0.52857
1.5 0.5 0.77143
1.5 0.5 1.0143
1.5 0.5 1.2571
1.5 0.5 1.5
1.5 0.83333 -0.2
1.5 0.83333 0.042857
1.5 0.83333 0.28571
1.5 0.83333 0.52857
1.5 0.83333 0.77143
1.5 0.83333 1.0143
1.5 0.83333 1.2571
1.5 0.83333 1.5
1.5 1.1667 -0.2
1.5 1.1667 0.042857
1.5 1.1667 0.28571
1.5 1.1667 0.52857
1.5 1.1667 0.77143
1.5 1.1667 1.0143
1.5 1.1667 1.2571
1.5 1.1667 1.5
1.5 1.5 -0.2
1.5 1.5 0.042857
1.5 1.5 0.28571
1.5 1.5 0.52857
1.5 1.5 0.77143
1.5 1.5 1.0143
1.5 1.5 1.2571
1.5 1.5 1.5
